//Fichier de configuration du bareme
//NB: separer les valeurs des colonnes par un ';'

//Irpp avant reduction
//Format :
0;630000;0
630001;1500000;0,20
1500001;4000000;0,30
4000001;8000000;0,35
8000001;13500000;0,37
13500001;1000000000;0,40
//Reduction
//Format :
1;0;0;0;0
1,5;0,1;100000;300000;100000   
2;0,15;200000;650000;200000   
2,5;0,2;300000;1100000;300000   
3;0,25;400000;1650000;400000   
3,5;0,3;500000;2030000;500000   
4;0,35;600000;2490000;600000   
4,5;0,4;700000;2755000;700000   
5;0,45;800000;3180000;800000 